camera_matrix:
- [296.374353, 0.0, 240.5]
- [0.0, 296.374353, 180.5]
- [0.0, 0.0, 1.0]

dist_coeff: [0, 0, 0, 0, 0]
